  0.500000E+03  0.398931E-80  0.405941E-46  0.642543E-23  0.790000E+00  0.619384E-09  0.210000E+00  0.135485E-75  0.511446E-22  0.956881E-99  0.436153E-41  0.144203E-79
  0.100000E+04  0.320479E-26  0.262685E-21  0.800388E-10  0.789983E+00  0.340431E-04  0.209983E+00  0.320502E-50  0.937749E-24  0.191907E-66  0.210707E-33  0.541558E-51
  0.150000E+04  0.631832E-14  0.539924E-13  0.200149E-05  0.789352E+00  0.129445E-02  0.209352E+00  0.675436E-36  0.176063E-18  0.149757E-45  0.547338E-25  0.142667E-35
  0.200000E+04  0.906562E-12  0.801170E-09  0.323075E-03  0.785918E+00  0.790937E-02  0.205850E+00  0.118803E-24  0.906552E-12  0.524097E-31  0.104324E-16  0.904528E-24
  0.250000E+04  0.434727E-09  0.258374E-06  0.675867E-02  0.775956E+00  0.227489E-01  0.194537E+00  0.308187E-19  0.434684E-09  0.131730E-23  0.428411E-13  0.503005E-18
  0.300000E+04  0.264894E-07  0.121305E-04  0.477840E-01  0.750160E+00  0.419092E-01  0.160135E+00  0.134953E-15  0.264792E-07  0.123398E-18  0.102065E-10  0.346291E-14
  0.350000E+04  0.455476E-06  0.187207E-03  0.156017E+00  0.702731E+00  0.509479E-01  0.901155E-01  0.607504E-13  0.455093E-06  0.503907E-15  0.380462E-09  0.179167E-11
  0.400000E+04  0.327640E-05  0.146032E-02  0.265692E+00  0.663263E+00  0.409544E-01  0.286234E-01  0.730399E-11  0.327280E-05  0.316484E-12  0.342541E-08  0.167206E-09
  0.450000E+04  0.136615E-04  0.732899E-02  0.311912E+00  0.646737E+00  0.269608E-01  0.703373E-02  0.359587E-09  0.136430E-04  0.555249E-10  0.130087E-07  0.508803E-08
  0.500000E+04  0.414128E-04  0.266818E-01  0.324772E+00  0.629012E+00  0.175383E-01  0.191293E-02  0.864362E-08  0.412909E-04  0.368540E-08  0.334692E-07  0.760836E-07
  0.550000E+04  0.100864E-03  0.755549E-01  0.323293E+00  0.588754E+00  0.115869E-01  0.609543E-03  0.117052E-06  0.998638E-04  0.116606E-06  0.695273E-07  0.697040E-06
  0.600000E+04  0.207053E-03  0.172802E+00  0.310294E+00  0.508744E+00  0.752886E-02  0.217525E-03  0.983847E-06  0.199440E-03  0.207317E-05  0.122991E-06  0.443275E-05
  0.650000E+04  0.374805E-03  0.323506E+00  0.286590E+00  0.384461E+00  0.461030E-02  0.829573E-04  0.528850E-05  0.325759E-03  0.226496E-04  0.187015E-06  0.209212E-04
  0.700000E+04  0.654359E-03  0.497001E+00  0.257980E+00  0.241077E+00  0.259914E-02  0.336340E-04  0.173002E-04  0.411154E-03  0.152026E-03  0.239096E-06  0.736387E-04
  0.750000E+04  0.122280E-02  0.637421E+00  0.234273E+00  0.124464E+00  0.138107E-02  0.151873E-04  0.329630E-04  0.385502E-03  0.612619E-03  0.255939E-06  0.191457E-03
  0.800000E+04  0.240452E-02  0.717589E+00  0.220179E+00  0.566840E-01  0.730535E-03  0.790458E-05  0.419586E-04  0.297592E-03  0.166328E-02  0.251385E-06  0.401431E-03
  0.850000E+04  0.462044E-02  0.752282E+00  0.213046E+00  0.250268E-01  0.399528E-03  0.463293E-05  0.439154E-04  0.216652E-03  0.360688E-02  0.245809E-06  0.752753E-03
  0.900000E+04  0.840836E-02  0.762616E+00  0.208996E+00  0.113402E-01  0.228161E-03  0.293583E-05  0.425639E-04  0.157936E-03  0.688980E-02  0.242816E-06  0.131782E-02
  0.950000E+04  0.144413E-01  0.759894E+00  0.205715E+00  0.537096E-02  0.135547E-03  0.195472E-05  0.399984E-04  0.116972E-03  0.120988E-01  0.240834E-06  0.218522E-02
  0.100000E+05  0.235029E-01  0.748219E+00  0.202034E+00  0.265671E-02  0.830989E-04  0.134376E-05  0.369759E-04  0.880030E-04  0.199198E-01  0.238336E-06  0.345786E-02
  0.105000E+05  0.364265E-01  0.728435E+00  0.197297E+00  0.136150E-02  0.520946E-04  0.942405E-06  0.337166E-04  0.669616E-04  0.310757E-01  0.234260E-06  0.524993E-02
  0.110000E+05  0.539977E-01  0.700187E+00  0.191068E+00  0.715446E-03  0.330873E-04  0.667856E-06  0.302700E-04  0.512440E-04  0.462352E-01  0.227831E-06  0.768083E-02
  0.115000E+05  0.768222E-01  0.662914E+00  0.183038E+00  0.381295E-03  0.210974E-04  0.474220E-06  0.266553E-04  0.392084E-04  0.658903E-01  0.218478E-06  0.108658E-01
  0.120000E+05  0.105169E+00  0.616420E+00  0.173024E+00  0.203870E-03  0.133853E-04  0.334739E-06  0.229162E-04  0.298165E-04  0.902131E-01  0.205856E-06  0.149033E-01
  0.125000E+05  0.138818E+00  0.561257E+00  0.160990E+00  0.108233E-03  0.837822E-05  0.233147E-06  0.191406E-04  0.224062E-04  0.118917E+00  0.189907E-06  0.198595E-01
  0.130000E+05  0.176944E+00  0.498962E+00  0.147088E+00  0.565177E-04  0.513321E-05  0.159125E-06  0.154594E-04  0.165489E-04  0.151161E+00  0.170930E-06  0.257509E-01
  0.135000E+05  0.218104E+00  0.432092E+00  0.131668E+00  0.288019E-04  0.305766E-05  0.105758E-06  0.120272E-04  0.119566E-04  0.185553E+00  0.149598E-06  0.325263E-01
  0.140000E+05  0.260360E+00  0.363993E+00  0.115271E+00  0.142454E-04  0.176165E-05  0.680911E-07  0.899174E-05  0.841967E-05  0.220292E+00  0.126922E-06  0.400501E-01
  0.145000E+05  0.301559E+00  0.298296E+00  0.985772E-01  0.682269E-05  0.978917E-06  0.423078E-07  0.645897E-05  0.576650E-05  0.253454E+00  0.104128E-06  0.480926E-01
  0.150000E+05  0.339708E+00  0.238257E+00  0.823238E-01  0.316906E-05  0.524661E-06  0.253228E-07  0.446950E-05  0.384055E-05  0.283364E+00  0.824844E-07  0.563355E-01
