   0.300000E+03  0.153076E-73  0.688874E-44  0.195127E-12  0.479096E-07  0.999998E+00  0.152395E-05  0.109429E-25  0.305902E-06
   0.400000E+03  0.416103E-73  0.688874E-44  0.195127E-12  0.479096E-07  0.999998E+00  0.152395E-05  0.402565E-26  0.112535E-06
   0.500000E+03  0.113109E-72  0.688874E-44  0.195127E-12  0.479096E-07  0.999998E+00  0.152395E-05  0.148096E-26  0.413994E-07
   0.600000E+03  0.307461E-72  0.688874E-44  0.195127E-12  0.479096E-07  0.999998E+00  0.152395E-05  0.544813E-27  0.152300E-07
   0.700000E+03  0.835766E-72  0.688874E-44  0.195127E-12  0.479096E-07  0.999998E+00  0.152395E-05  0.200426E-27  0.560280E-08
   0.800000E+03  0.227185E-71  0.688874E-44  0.195127E-12  0.479096E-07  0.999998E+00  0.152395E-05  0.737324E-28  0.206115E-08
   0.900000E+03  0.617552E-71  0.688874E-44  0.195127E-12  0.479096E-07  0.999998E+00  0.152395E-05  0.271246E-28  0.758256E-09
   0.100000E+04  0.100510E-65  0.688874E-44  0.195127E-12  0.479096E-07  0.999998E+00  0.152395E-05  0.166660E-33  0.465889E-14
   0.110000E+04  0.586760E-56  0.104321E-38  0.351726E-11  0.924979E-06  0.999997E+00  0.196249E-05  0.792450E-33  0.313913E-16
   0.120000E+04  0.756489E-47  0.100780E-34  0.575672E-10  0.741058E-05  0.999987E+00  0.520526E-05  0.147177E-33  0.778113E-19
   0.130000E+04  0.457085E-39  0.151228E-31  0.769651E-09  0.342927E-04  0.999947E+00  0.186460E-04  0.194110E-34  0.524289E-21
   0.140000E+04  0.467037E-32  0.718696E-29  0.750133E-08  0.120616E-03  0.999818E+00  0.618040E-04  0.142744E-35  0.353263E-23
   0.150000E+04  0.399456E-26  0.146868E-26  0.546414E-07  0.353847E-03  0.999468E+00  0.178396E-03  0.204371E-36  0.659712E-25
   0.160000E+04  0.399818E-23  0.153590E-24  0.311575E-06  0.902925E-03  0.998644E+00  0.452806E-03  0.581276E-35  0.318333E-24
   0.170000E+04  0.409341E-22  0.928470E-23  0.144896E-05  0.205746E-02  0.996912E+00  0.102950E-02  0.487541E-32  0.559193E-22
   0.180000E+04  0.134339E-20  0.355758E-21  0.568008E-05  0.426663E-02  0.993596E+00  0.213197E-02  0.470010E-30  0.134339E-20
   0.190000E+04  0.266403E-19  0.928499E-20  0.192693E-04  0.816847E-02  0.987736E+00  0.407609E-02  0.323307E-28  0.266403E-19
   0.200000E+04  0.392866E-18  0.174788E-18  0.577670E-04  0.145978E-01  0.978073E+00  0.727153E-02  0.146176E-26  0.392866E-18
   0.210000E+04  0.449188E-17  0.248531E-17  0.155621E-03  0.245597E-01  0.963081E+00  0.122035E-01  0.461127E-25  0.449188E-17
   0.220000E+04  0.411968E-16  0.277145E-16  0.381842E-03  0.391542E-01  0.941076E+00  0.193876E-01  0.106571E-23  0.411968E-16
   0.230000E+04  0.311676E-15  0.249979E-15  0.862684E-03  0.594453E-01  0.910399E+00  0.292928E-01  0.187856E-22  0.311676E-15
   0.240000E+04  0.199081E-14  0.187108E-14  0.181052E-02  0.862743E-01  0.869682E+00  0.422333E-01  0.261200E-21  0.199081E-14
   0.250000E+04  0.109462E-13  0.118738E-13  0.355520E-02  0.120037E+00  0.818165E+00  0.582425E-01  0.294683E-20  0.109462E-13
   0.260000E+04  0.526619E-13  0.650558E-13  0.657039E-02  0.160473E+00  0.756004E+00  0.769527E-01  0.276317E-19  0.526619E-13
   0.270000E+04  0.224769E-12  0.312573E-12  0.114844E-01  0.206519E+00  0.684478E+00  0.975185E-01  0.219841E-18  0.224769E-12
   0.280000E+04  0.861240E-12  0.133504E-11  0.190634E-01  0.256306E+00  0.606008E+00  0.118623E+00  0.151103E-17  0.861238E-12
   0.290000E+04  0.299282E-11  0.513057E-11  0.301570E-01  0.307335E+00  0.523918E+00  0.138590E+00  0.911608E-17  0.299281E-11
   0.300000E+04  0.951584E-11  0.179363E-10  0.456040E-01  0.356810E+00  0.441982E+00  0.155604E+00  0.489677E-16  0.951579E-11
   0.310000E+04  0.278981E-10  0.576231E-10  0.661020E-01  0.402070E+00  0.363843E+00  0.167985E+00  0.237259E-15  0.278979E-10
   0.320000E+04  0.759288E-10  0.171746E-09  0.920578E-01  0.440991E+00  0.292484E+00  0.174468E+00  0.104944E-14  0.759278E-10
   0.330000E+04  0.192988E-09  0.479194E-09  0.123441E+00  0.472255E+00  0.229895E+00  0.174408E+00  0.428516E-14  0.192984E-09
   0.340000E+04  0.460503E-09  0.126231E-08  0.159670E+00  0.495447E+00  0.176993E+00  0.167890E+00  0.163226E-13  0.460487E-09
   0.350000E+04  0.103646E-08  0.316470E-08  0.199570E+00  0.510977E+00  0.133749E+00  0.155704E+00  0.585639E-13  0.103640E-08
   0.360000E+04  0.220971E-08  0.760699E-08  0.241436E+00  0.519888E+00  0.994484E-01  0.139227E+00  0.199669E-12  0.220951E-08
   0.370000E+04  0.448028E-08  0.176461E-07  0.283231E+00  0.523614E+00  0.729621E-01  0.120192E+00  0.651852E-12  0.447962E-08
   0.380000E+04  0.867207E-08  0.397188E-07  0.322897E+00  0.523708E+00  0.529881E-01  0.100407E+00  0.205024E-11  0.867002E-08
   0.390000E+04  0.160858E-07  0.870992E-07  0.358707E+00  0.521613E+00  0.382263E-01  0.814541E-01  0.623949E-11  0.160796E-07
   0.400000E+04  0.287029E-07  0.186561E-06  0.389545E+00  0.518489E+00  0.274931E-01  0.644727E-01  0.184176E-10  0.286845E-07
   0.410000E+04  0.494561E-07  0.390791E-06  0.415007E+00  0.515142E+00  0.197822E-01  0.500685E-01  0.527683E-10  0.494034E-07
   0.420000E+04  0.825869E-07  0.800739E-06  0.435303E+00  0.512042E+00  0.142837E-01  0.383709E-01  0.146687E-09  0.824402E-07
   0.430000E+04  0.134114E-06  0.160450E-05  0.451047E+00  0.509398E+00  0.103752E-01  0.291781E-01  0.395248E-09  0.133719E-06
   0.440000E+04  0.212447E-06  0.314280E-05  0.463026E+00  0.507256E+00  0.759505E-02  0.221188E-01  0.103128E-08  0.211416E-06
   0.450000E+04  0.329176E-06  0.601618E-05  0.472032E+00  0.505574E+00  0.561009E-02  0.167772E-01  0.260371E-08  0.326573E-06
   0.460000E+04  0.500130E-06  0.112554E-04  0.478762E+00  0.504274E+00  0.418432E-02  0.127679E-01  0.635845E-08  0.493771E-06
   0.470000E+04  0.746789E-06  0.205856E-04  0.483782E+00  0.503276E+00  0.315237E-02  0.976772E-02  0.150180E-07  0.731771E-06
   0.480000E+04  0.109829E-05  0.368258E-04  0.487536E+00  0.502504E+00  0.239901E-02  0.752109E-02  0.343093E-07  0.106398E-05
   0.490000E+04  0.159433E-05  0.644795E-04  0.490359E+00  0.501896E+00  0.184394E-02  0.583329E-02  0.758216E-07  0.151851E-05
   0.500000E+04  0.228952E-05  0.110587E-03  0.492499E+00  0.501396E+00  0.143108E-02  0.455900E-02  0.162092E-06  0.212743E-05
   0.510000E+04  0.326010E-05  0.185934E-03  0.494142E+00  0.500953E+00  0.112109E-02  0.359107E-02  0.335159E-06  0.292494E-05
   0.520000E+04  0.461402E-05  0.306716E-03  0.495429E+00  0.500518E+00  0.886127E-03  0.285091E-02  0.670054E-06  0.394397E-05
   0.530000E+04  0.650620E-05  0.496797E-03  0.496467E+00  0.500036E+00  0.706393E-03  0.228094E-02  0.129463E-05  0.521157E-05
   0.540000E+04  0.916047E-05  0.790677E-03  0.497344E+00  0.499441E+00  0.567665E-03  0.183890E-02  0.241652E-05  0.674395E-05
   0.550000E+04  0.129002E-04  0.123730E-02  0.498136E+00  0.498647E+00  0.459645E-03  0.149367E-02  0.435721E-05  0.854299E-05
   0.560000E+04  0.181889E-04  0.190470E-02  0.498916E+00  0.497545E+00  0.374814E-03  0.122222E-02  0.759246E-05  0.105964E-04
   0.570000E+04  0.256814E-04  0.288554E-02  0.499759E+00  0.495989E+00  0.307632E-03  0.100740E-02  0.127990E-04  0.128824E-04
   0.580000E+04  0.362866E-04  0.430292E-02  0.500748E+00  0.493787E+00  0.253984E-03  0.836367E-03  0.209084E-04  0.153782E-04
   0.590000E+04  0.512385E-04  0.631599E-02  0.501977E+00  0.490694E+00  0.210789E-03  0.699443E-03  0.331691E-04  0.180695E-04
   0.600000E+04  0.721751E-04  0.912376E-02  0.503559E+00  0.486407E+00  0.175720E-03  0.589278E-03  0.512168E-04  0.209584E-04
   0.620000E+04  0.141028E-03  0.181102E-01  0.508311E+00  0.472745E+00  0.123305E-03  0.428025E-03  0.113577E-03  0.274511E-04
   0.640000E+04  0.266582E-03  0.334464E-01  0.516146E+00  0.449467E+00  0.870014E-04  0.321179E-03  0.231218E-03  0.353646E-04
   0.660000E+04  0.481481E-03  0.570111E-01  0.528033E+00  0.413682E+00  0.610595E-04  0.249288E-03  0.435813E-03  0.456685E-04
   0.680000E+04  0.824324E-03  0.891137E-01  0.544147E+00  0.364849E+00  0.421133E-04  0.199734E-03  0.764484E-03  0.598407E-04
   0.700000E+04  0.133393E-02  0.127561E+00  0.563401E+00  0.306178E+00  0.282287E-04  0.164105E-03  0.125404E-02  0.798987E-04
   0.720000E+04  0.204398E-02  0.168069E+00  0.583658E+00  0.244030E+00  0.182547E-04  0.136940E-03  0.193555E-02  0.108434E-03
   0.740000E+04  0.298117E-02  0.205925E+00  0.602562E+00  0.185424E+00  0.113726E-04  0.115000E-03  0.283250E-02  0.148669E-03
   0.760000E+04  0.416777E-02  0.237711E+00  0.618401E+00  0.135448E+00  0.685856E-05  0.966105E-04  0.396322E-02  0.204554E-03
   0.780000E+04  0.562641E-02  0.262037E+00  0.630474E+00  0.961514E-01  0.404089E-05  0.810040E-04  0.534554E-02  0.280871E-03
   0.800000E+04  0.738408E-02  0.279188E+00  0.638917E+00  0.670565E-01  0.235069E-05  0.678086E-04  0.700071E-02  0.383374E-03
   0.820000E+04  0.947361E-02  0.290325E+00  0.644299E+00  0.463707E-01  0.136317E-05  0.567549E-04  0.895468E-02  0.518930E-03
   0.840000E+04  0.119328E-01  0.296791E+00  0.647280E+00  0.320150E-01  0.793814E-06  0.475727E-04  0.112371E-01  0.695679E-03
   0.860000E+04  0.148027E-01  0.299752E+00  0.648432E+00  0.221702E-01  0.466473E-06  0.399842E-04  0.138795E-01  0.923190E-03
   0.880000E+04  0.181255E-01  0.300095E+00  0.648178E+00  0.154419E-01  0.277406E-06  0.337236E-04  0.169128E-01  0.121263E-02
   0.900000E+04  0.219427E-01  0.298440E+00  0.646812E+00  0.108340E-01  0.167181E-06  0.285537E-04  0.203657E-01  0.157695E-02
   0.920000E+04  0.262939E-01  0.295206E+00  0.644521E+00  0.766095E-02  0.102142E-06  0.242725E-04  0.242629E-01  0.203104E-02
   0.940000E+04  0.312153E-01  0.290671E+00  0.641417E+00  0.546009E-02  0.632488E-07  0.207130E-04  0.286234E-01  0.259191E-02
   0.960000E+04  0.367385E-01  0.285019E+00  0.637565E+00  0.392103E-02  0.396681E-07  0.177397E-04  0.334595E-01  0.327891E-02
   0.980000E+04  0.428889E-01  0.278376E+00  0.632995E+00  0.283565E-02  0.251759E-07  0.152439E-04  0.387751E-01  0.411386E-02
   0.100000E+05  0.496856E-01  0.270835E+00  0.627716E+00  0.206384E-02  0.161525E-07  0.131382E-04  0.445643E-01  0.512128E-02
   0.105000E+05  0.695556E-01  0.248540E+00  0.611385E+00  0.954619E-03  0.554513E-08  0.915600E-05  0.609744E-01  0.858116E-02
   0.110000E+05  0.934424E-01  0.222251E+00  0.590405E+00  0.452419E-03  0.198994E-08  0.644615E-05  0.796347E-01  0.138077E-01
   0.115000E+05  0.120940E+00  0.193359E+00  0.564538E+00  0.217461E-03  0.735027E-09  0.455684E-05  0.995167E-01  0.214235E-01
   0.120000E+05  0.151376E+00  0.163556E+00  0.533584E+00  0.105119E-03  0.275692E-09  0.321408E-05  0.119250E+00  0.321263E-01
   0.125000E+05  0.183948E+00  0.134620E+00  0.497431E+00  0.507753E-04  0.103802E-09  0.224661E-05  0.137364E+00  0.465842E-01
   0.130000E+05  0.217859E+00  0.108089E+00  0.456167E+00  0.243973E-04  0.388558E-10  0.154476E-05  0.152609E+00  0.652506E-01
   0.135000E+05  0.252360E+00  0.849797E-01  0.410287E+00  0.116279E-04  0.143450E-10  0.103683E-05  0.164226E+00  0.881342E-01
   0.140000E+05  0.286686E+00  0.657072E-01  0.360915E+00  0.548828E-05  0.519050E-11  0.674476E-06  0.172061E+00  0.114625E+00
   0.145000E+05  0.319976E+00  0.501854E-01  0.309860E+00  0.256416E-05  0.183309E-11  0.422907E-06  0.176488E+00  0.143488E+00
   0.150000E+05  0.351280E+00  0.380192E-01  0.259418E+00  0.118689E-05  0.631003E-12  0.254860E-06  0.178220E+00  0.173061E+00
   0.155000E+05  0.379688E+00  0.286784E-01  0.211946E+00  0.545616E-06  0.212136E-12  0.147683E-06  0.178092E+00  0.201596E+00
   0.160000E+05  0.404502E+00  0.216156E-01  0.169380E+00  0.250106E-06  0.700264E-13  0.826033E-07  0.176883E+00  0.227619E+00
   0.165000E+05  0.425383E+00  0.163306E-01  0.132903E+00  0.114913E-06  0.228809E-13  0.448957E-07  0.175208E+00  0.250175E+00
   0.170000E+05  0.442372E+00  0.123984E-01  0.102858E+00  0.532203E-07  0.747097E-14  0.239134E-07  0.173478E+00  0.268894E+00
   0.175000E+05  0.455813E+00  0.947718E-02  0.788967E-01  0.249782E-07  0.246098E-14  0.125954E-07  0.171918E+00  0.283895E+00
   0.180000E+05  0.466225E+00  0.730265E-02  0.602467E-01  0.119332E-07  0.824731E-15  0.661530E-08  0.170622E+00  0.295603E+00
   0.185000E+05  0.474176E+00  0.567625E-02  0.459720E-01  0.582237E-08  0.283056E-15  0.348905E-08  0.169598E+00  0.304578E+00
   0.190000E+05  0.480196E+00  0.445179E-02  0.351569E-01  0.290757E-08  0.999632E-16  0.185794E-08  0.168816E+00  0.311380E+00
   0.195000E+05  0.484737E+00  0.352281E-02  0.270028E-01  0.148783E-08  0.364345E-16  0.100277E-08  0.168231E+00  0.316506E+00
   0.200000E+05  0.488164E+00  0.281213E-02  0.208601E-01  0.780433E-09  0.137271E-16  0.549943E-09  0.167800E+00  0.320364E+00
