Stefan Maxwell E-field = 0
Temperature = 500
Fluxes Sum = 7.18293e-05 Sum Ram = 7.18293e-05 Sum SM = 7.18293e-05
Diffusion Matrix
  7.84287e+11  0.000132009  0.000110137  0.000117939   0.00010089
  0.000132009  9.04436e+11   0.00010304  0.000101484  0.000103217
  0.000110137   0.00010304      89696.6  0.000100885  9.15359e-05
  0.000117939  0.000101484  0.000100885  0.000172102  8.59894e-05
   0.00010089  0.000103217  9.15359e-05  8.59894e-05  0.000369589

Ramsaw Diffusion Matrix
  7.84287e+11 -5.01569e-05 -5.33374e-05 -6.60554e-05 -6.60554e-05
 -3.80768e-05  9.04436e+11 -5.33374e-05 -6.60554e-05 -6.60554e-05
 -3.80768e-05 -5.01569e-05      89696.6 -6.60554e-05 -6.60554e-05
 -3.80768e-05 -5.01569e-05 -5.33374e-05  2.00571e-05 -6.60554e-05
 -3.80768e-05 -5.01569e-05 -5.33374e-05 -6.60554e-05  0.000217545

Velocity Error against Ramsaw
0.000976562 0.000244141 3.71551e-05 1.41097e-05 4.64683e-05 
Velocity Error against SM
0 0.00012207 0 5.2516e-20 1.0842e-19 


 
Stefan Maxwell E-field = 0
Temperature = 5500
Fluxes Sum = -5.42101e-20 Sum Ram = -1.6263e-19 Sum SM = 1.0842e-19
Diffusion Matrix
    0.0789291   0.00708797   0.00520763   0.00606347   0.00468146
   0.00708797    0.0251232   0.00486008   0.00505828   0.00451279
   0.00520763   0.00486008     0.331289   0.00467439   0.00397036
   0.00606347   0.00505828   0.00467439    0.0114269    0.0034864
   0.00468146   0.00451279   0.00397036    0.0034864      6.79883

Ramsaw Diffusion Matrix
    0.0692412  -0.00445411  -0.00490301  -0.00441674  -0.00586497
  -0.00335257     0.015426  -0.00490301  -0.00441674  -0.00586497
  -0.00335257  -0.00445411     0.321641  -0.00441674  -0.00586497
  -0.00335257  -0.00445411  -0.00490301   0.00177012  -0.00586497
  -0.00335257  -0.00445411  -0.00490301  -0.00441674      6.78914

Velocity Error against Ramsaw
0.00392774 0.0024491 0.0036484 0.000433809 0.00330215 
Velocity Error against SM
0 5.20417e-18 5.55112e-17 1.30104e-18 0 


 
Stefan Maxwell E-field = 0
Temperature = 10500
Fluxes Sum = -8.67362e-19 Sum Ram = -1.0842e-19 Sum SM = -8.67362e-19
Diffusion Matrix
    0.0377028   0.00716677   -0.0051691  0.000755187  -0.00730378
   0.00716677     0.107415  -0.00698948  -0.00380676  -0.00945546
   -0.0051691  -0.00698948      292.571  -0.00883504   -0.0128639
  0.000755187  -0.00380676  -0.00883504      10.0786   -0.0143078
  -0.00730378  -0.00945546   -0.0128639   -0.0143078      16008.6

Ramsaw Diffusion Matrix
   0.00722399   -0.0233497   -0.0360785   -0.0307853   -0.0383011
   -0.0233823    0.0769284   -0.0360785   -0.0307853   -0.0383011
   -0.0233823   -0.0233497      292.541   -0.0307853   -0.0383011
   -0.0233823   -0.0233497   -0.0360785       10.048   -0.0383011
   -0.0233823   -0.0233497   -0.0360785   -0.0307853      16008.6

Velocity Error against Ramsaw
0.00204843 0.00679615 0.0213956 0.00486342 0.0197863 
Velocity Error against SM
0 1.38778e-17 5.68434e-14 0 1.81899e-12 


 
Stefan Maxwell E-field = 0
Temperature = 15500
Fluxes Sum = 1.0842e-19 Sum Ram = 1.0842e-19 Sum SM = -1.0842e-19
Diffusion Matrix
    0.0764079    0.0138593    -0.011073 -0.000682884   -0.0143588
    0.0138593     0.219846   -0.0140114  -0.00826381   -0.0193718
    -0.011073   -0.0140114      9923.48   -0.0186121   -0.0249259
 -0.000682884  -0.00826381   -0.0186121      1293.48   -0.0279981
   -0.0143588   -0.0193718   -0.0249259   -0.0279981       243267

Ramsaw Diffusion Matrix
    0.0145727   -0.0479772   -0.0735928   -0.0642838   -0.0773621
   -0.0479788      0.15801   -0.0735928   -0.0642838   -0.0773621
   -0.0479788   -0.0479772      9923.42   -0.0642838   -0.0773621
   -0.0479788   -0.0479772   -0.0735928      1293.42   -0.0773621
   -0.0479788   -0.0479772   -0.0735928   -0.0642838       243267

Velocity Error against Ramsaw
0.00361969 0.0119255 0.0463177 0.0169233 0.0410067 
Velocity Error against SM
0 1.38778e-17 1.81899e-12 2.27374e-13 8.73115e-11 


 
Stefan Maxwell E-field = 0
Temperature = 20500
Fluxes Sum = 2.1684e-18 Sum Ram = -1.30104e-18 Sum SM = 2.1684e-19
Diffusion Matrix
      0.12828    0.0225125   -0.0186532  -0.00443221   -0.0227096
    0.0225125     0.370842   -0.0225334   -0.0148585   -0.0321591
   -0.0186532   -0.0225334      85257.9   -0.0316981   -0.0394732
  -0.00443221   -0.0148585   -0.0316981        21498   -0.0451388
   -0.0227096   -0.0321591   -0.0394732   -0.0451388  1.24845e+06

Ramsaw Diffusion Matrix
    0.0246359   -0.0811319    -0.123201    -0.110505    -0.128555
   -0.0811322     0.267198    -0.123201    -0.110505    -0.128555
   -0.0811322   -0.0811319      85257.8    -0.110505    -0.128555
   -0.0811322   -0.0811319    -0.123201      21497.9    -0.128555
   -0.0811322   -0.0811319    -0.123201    -0.110505  1.24845e+06

Velocity Error against Ramsaw
0.00553355 0.0182253 0.0802475 0.0382754 0.0682165 
Velocity Error against SM
3.33067e-16 2.77556e-17 2.91038e-11 7.27596e-12 2.32831e-10 


 
Stefan Maxwell E-field = 0
Temperature = 25500
Fluxes Sum = -2.1684e-19 Sum Ram = -2.1684e-19 Sum SM = -1.30104e-18
Diffusion Matrix
     0.193332     0.032962   -0.0277849   -0.0114025   -0.0320149
     0.032962      0.56112   -0.0322772   -0.0242182   -0.0477661
   -0.0277849   -0.0322772       459271   -0.0482412   -0.0561208
   -0.0114025   -0.0242182   -0.0482412       165559   -0.0656409
   -0.0320149   -0.0477661   -0.0561208   -0.0656409  4.59676e+06

Ramsaw Diffusion Matrix
    0.0373533    -0.123017     -0.18481    -0.170367    -0.191663
    -0.123017     0.405141     -0.18481    -0.170367    -0.191663
    -0.123017    -0.123017       459271    -0.170367    -0.191663
    -0.123017    -0.123017     -0.18481       165559    -0.191663
    -0.123017    -0.123017     -0.18481    -0.170367  4.59676e+06

Velocity Error against Ramsaw
0.00770016 0.02536 0.123486 0.0711484 0.100996 
Velocity Error against SM
0 1.11022e-16 5.82077e-11 2.91038e-11 0 


 
